3	14B	102	
1	14D	104	
3	5B	104	
2	11D	100	503
2	10A	101	504
0	3A	102	505
0	3B	100	506
3	5C	104	507
0	2B	102	508
3	2A	103	509
2	7A	104	510
0	14D	100	511
1	4D	103	512
1	2D	100	NULL
3	7C	104	514
1	7D	101	515
1	5A	100	516
1	3B	104	517
1	7A	104	518
2	8B	103	519
3	8C	101	520
2	13C	104	521
2	4D	104	522
2	12A	105	523
3	4D	101	524
3	8C	102	525
1	3A	105	526
2	10A	102	527
3	10A	100	528
3	8D	101	529
0	8A	103	530
1	6A	102	531
2	3C	103	532
3	14C	100	533
2	13B	101	534
1	7B	105	535
2	8A	101	536
1	8B	105	537
3	3D	101	538
0	6C	104	539
1	6C	100	540
2	2D	102	541
0	9C	105	542
2	1A	100	543
1	1B	100	544
0	2C	101	545
1	10A	104	546
0	7A	105	547
3	13D	100	548
1	6B	102	549
2	5C	104	550
0	5D	101	551
1	10D	101	552
2	6C	105	553
0	3A	103	554
1	5D	101	555
1	12B	100	556
2	8A	103	557
0	2C	103	558
0	1D	103	559
2	3C	105	560
1	8A	103	561
0	5B	100	562
1	7C	101	563
2	8C	102	564
0	6A	101	565
0	5C	103	566
1	1D	105	567
1	2C	103	568
2	9C	101	569
3	9D	105	570
2	6C	102	571
2	9D	105	572
0	11B	104	573
1	10C	104	574
1	7A	101	575
1	3D	102	576
0	7D	103	577
3	3D	100	578
2	3A	105	579
2	4C	100	580
2	14D	103	581
3	3B	101	582
1	11A	101	583
1	9A	105	584
0	12A	104	585
0	3B	103	586
1	7D	102	587
0	11B	101	588
2	2A	102	589
0	10D	103	590
2	3A	101	591
1	3C	103	592
1	1C	105	593
3	7C	105	594
2	6B	101	595
1	5D	104	596
2	3C	100	597
3	11A	101	598
0	11D	105	599
0	5D	103	600
1	6B	104	601
1	10A	102	602
0	8C	100	603
0	7A	102	604
0	1D	101	605
1	2C	102	606
1	12D	103	607
0	13D	100	608
3	3C	103	609
3	12D	102	610
1	12C	105	611
0	10D	101	612
1	10C	105	613
2	11A	104	614
3	7D	102	615
0	7A	100	616
3	11C	104	617
2	14D	101	618
1	8A	100	619
1	6C	102	620
0	12A	101	621
2	8A	102	622
2	13B	100	623
1	3A	102	624
2	3C	104	625
3	5C	105	626
0	6D	100	627
3	5B	103	628
0	5D	102	629
0	7B	103	630
1	14B	101	631
3	8C	103	632
2	14D	102	633
1	7B	103	634
2	2C	104	635
2	6B	103	636
0	5A	104	637
2	9C	102	638
3	6D	101	639
2	10B	103	640
1	5B	101	641
1	10C	101	642
3	11A	102	643
2	5B	101	644
1	9C	105	645
3	8B	105	646
1	9B	105	647
0	9B	101	648
3	14C	104	649
2	5D	105	650
0	6D	101	651
2	2D	104	652
0	8A	102	653
0	4B	100	654
2	14A	104	655
1	13C	101	656
0	2C	105	657
1	14D	105	658
0	6C	105	659
2	4A	100	660
3	13B	103	661
3	13B	105	662
1	1D	104	663
1	11B	101	664
0	8A	101	665
3	4C	105	666
0	3C	105	667
3	5D	102	668
1	7A	100	669
1	13D	100	670
3	14B	101	671
1	3D	101	672
3	13A	101	673
1	2C	105	674
1	10D	100	675
3	1C	100	676
3	4B	103	677
3	6C	103	678
3	8D	103	679
0	11B	102	680
3	7B	100	681
2	5A	101	682
1	10C	100	683
3	11D	105	684
3	5C	102	685
1	6A	101	686
3	12B	105	687
3	6B	103	688
1	6A	103	689
0	8B	102	690
3	11C	103	
2	1A	105	692
2	12D	100	693
1	1D	102	694
3	13A	104	695
3	4B	100	696
1	13D	101	697
0	4C	101	698
2	7C	102	699
3	5B	105	700
0	5C	100	701
3	4A	104	702
1	7C	100	703
0	5D	104	704
0	4D	101	705
2	2D	101	706
2	9A	104	707
3	8A	102	708
0	7C	101	709
0	12C	102	710
1	1D	101	711
2	13B	104	712
2	14A	102	713
2	3B	100	714
0	7D	105	715
2	7C	104	716
2	5B	100	717
2	7B	104	718
3	1B	104	719
0	7B	104	720
3	4D	103	721
0	2D	103	722
3	12C	105	723
1	3D	105	724
0	13B	105	725
2	11D	104	726
1	11D	102	727
0	4A	103	728
0	7D	101	729
2	13C	101	730
2	12A	104	731
3	9C	102	732
2	3D	105	733
0	11A	104	734
0	12B	105	735
2	11A	100	736
1	9B	102	737
2	5A	105	738
3	2C	104	739
2	3B	105	740
2	8D	100	741
3	1C	101	742
3	2A	102	743
3	9D	103	744
2	11A	103	745
1	1A	102	746
2	9A	100	747
3	7A	101	748
0	10C	101	749
1	8D	105	750
0	6C	102	751
0	9C	104	752
2	1D	102	753
1	7D	104	754
1	12D	102	755
0	11A	105	756
3	10A	103	757
3	8B	101	758
1	13B	104	759
3	9D	104	760
2	11B	105	761
0	10D	102	762
1	7A	102	763
2	10C	104	764
3	10B	103	765
3	1B	105	766
3	2B	105	767
2	11B	100	768
3	6A	104	769
2	13D	102	770
3	10D	103	771
1	14B	105	772
2	1D	101	773
0	12D	104	774
3	14A	101	775
2	4D	100	776
0	12A	100	777
0	2A	102	778
1	5D	102	779
0	6C	100	780
3	9C	100	781
1	12C	102	782
2	7C	100	783
0	13A	101	784
2	10D	103	785
2	2A	105	786
1	11C	101	787
0	8C	102	788
3	11B	101	789
1	8D	104	790
2	11C	101	791
0	4A	102	792
0	8D	105	793
2	9B	102	794
2	8B	100	795
2	5B	105	796
2	9B	105	797
2	5C	105	798
0	3D	101	799
3	3B	100	800
3	10C	104	801
0	3D	104	802
2	7A	100	803
3	8D	104	804
2	14B	100	805
1	9A	103	806
1	6C	101	807
0	10B	103	808
0	11C	100	809
2	9C	100	810
0	7A	101	811
0	11A	101	812
0	2D	102	813
1	3C	104	814
1	5C	105	815
1	3B	100	816
3	11B	104	817
1	8B	102	818
1	12D	100	819
2	1C	103	820
2	3A	102	821
3	3C	100	822
2	8B	102	823
2	5D	102	824
2	8A	104	825
1	8D	101	826
3	4D	104	827
1	8B	101	828
1	12C	100	829
2	6D	103	830
2	6A	104	831
2	4B	100	832
1	2C	100	833
1	7D	100	834
1	6D	105	835
0	5B	102	836
1	14B	102	837
3	6B	100	838
2	10C	105	839
3	8D	100	840
3	11B	103	841
0	6B	100	842
1	5D	100	843
3	12C	103	844
3	14C	102	845
1	8A	104	846
0	6A	103	847
2	13C	105	848
1	11B	100	849
3	10B	104	850
3	2A	104	851
0	10A	103	852
3	1A	101	853
3	6A	102	854
1	4C	105	855
2	11A	102	856
3	10B	100	857
1	7D	103	858
1	11B	103	859
1	10D	102	860
1	12B	101	861
1	12B	103	862
2	7A	103	863
2	9D	103	864
2	13C	100	865
2	1B	104	866
2	6B	104	867
2	2D	100	868
0	5D	105	869
2	12D	104	870
0	8A	104	871
1	12C	101	872
1	3B	101	873
0	4C	102	874
1	4C	100	875
0	14C	103	876
1	4A	102	877
0	5A	100	878
3	5A	105	879
1	4D	101	880
0	12B	100	881
0	12B	101	882
0	10B	102	883
2	7D	103	884
1	11C	105	885
0	2B	100	886
2	6A	102	887
0	14B	100	888
0	9A	105	889
0	10B	100	890
0	13B	102	891
2	12C	102	892
3	9A	104	893
1	5B	105	894
0	4C	103	895
0	10A	101	896
3	8D	105	897
1	13B	103	898
0	12C	100	899
1	2D	104	900
2	1C	100	901
2	6D	104	902
0	6B	102	903
2	12B	102	904
2	8A	100	905
3	6A	103	906
2	13A	100	907
2	8C	100	908
0	6D	105	909
2	7D	104	910
1	14A	104	911
2	10C	100	912
0	3D	103	913
2	9B	104	914
0	9C	102	915
3	5C	103	916
1	4D	105	917
2	14D	104	918
2	10B	101	919
3	1D	105	920
3	4B	102	921
0	3C	103	922
1	11B	102	923
1	8A	101	924
2	10B	100	925
1	2B	103	926
2	14B	105	927
2	7A	105	928
3	3C	104	929
0	6A	104	930
0	13C	102	931
0	3C	104	932
3	13B	100	933
2	1B	103	934
0	7D	102	935
3	14D	100	936
0	6D	104	937
1	1C	104	938
2	4C	102	939
1	5C	104	940
2	7B	103	941
2	11B	101	942
3	10B	105	943
0	7B	101	944
2	4C	103	945
3	2A	100	946
1	2D	102	947
2	3A	100	948
2	1D	104	949
2	4C	104	950
1	2D	103	951
3	14D	103	952
0	2D	100	953
0	6A	105	954
1	6A	100	955
3	1A	100	956
0	4A	105	957
1	1B	103	958
2	10A	105	959
0	13A	100	960
1	9B	101	961
2	12D	101	962
3	5B	102	963
1	4C	101	964
0	9A	102	965
0	8D	101	966
1	12C	103	967
2	11B	103	968
3	14A	104	969
0	4B	105	970
0	3C	101	971
2	4A	104	972
1	11B	104	973
1	2B	102	974
3	3A	102	975
3	2A	105	976
0	3C	102	977
2	6D	100	978
1	7A	103	979
3	4B	105	980
0	14B	101	981
2	12A	103	982
1	2B	100	983
3	5C	101	984
2	7A	101	985
0	8B	103	986
1	13A	104	987
1	1B	102	988
3	8B	103	989
2	13D	104	990
1	6D	103	991
1	10A	101	992
3	8A	105	993
1	7B	100	994
2	7D	100	995
1	7B	101	996
1	7B	102	997
2	14C	100	998
2	4D	105	999
0	5B	101	1000
1	4D	102	1001
3	7B	105	1002
2	9B	101	1003
3	7D	104	1004
2	11A	105	1005
1	12B	104	1006
0	10A	104	1007
0	3A	101	1008
2	1B	101	1009
1	14C	100	1010
2	13A	103	1011
2	6B	100	1012
1	4A	105	1013
3	3A	103	1014
1	3A	104	1015
3	4D	100	1016
3	10A	101	1017
3	2B	103	1018
0	3D	100	1019
2	6C	101	1020
0	3B	105	1021
0	4C	105	1022
3	9A	100	1023
0	14A	105	1024
1	4B	104	1025
3	1C	104	1026
3	8C	104	1027
0	7C	103	1028
2	7D	105	1029
3	11A	105	1030
1	3C	101	1031
0	11D	104	1032
3	13D	101	1033
0	2B	101	1034
3	6B	104	1035
2	10C	101	1036